MEMORY
  total           13502 KB
  struct            159 KB
  buffer             31 KB
  arena           13312 KB, used 0.3%

SIZES
  narena                13631488
  nbuffer               32096
  nplugin               0
  maxuse_stack          10576
  maxuse_arena          39416
  maxuse_con            17
  maxuse_efc            68
  ncon                  6
  ne                    0
  nf                    0
  nl                    0
  nefc                  24
  nJ                    144
  nA                    0
  nisland               1
  nidof                 6
  ntree_awake           1
  nbody_awake           2
  nparent_awake         1
  nv_awake              6
  flg_energypos         0
  flg_energyvel         0
  flg_subtreevel        0
  flg_rnepost           1
  threadpool            0

TIMER
    0:  duration =  0.2        number = 1
    1:  duration =  0.2        number = 4
    2:  duration =  0          number = 0
    3:  duration =  0.13       number = 4
    4:  duration =  0.016      number = 4
    5:  duration =  0.0029     number = 4
    6:  duration =  0.035      number = 4
    7:  duration =  0          number = 0
    8:  duration =  0.024      number = 4
    9:  duration =  0.0028     number = 4
    10:  duration =  0.057      number = 4
    11:  duration =  0.042      number = 4
    12:  duration =  0.0004     number = 4
    13:  duration =  0.011      number = 4
    14:  duration =  0.039      number = 4

SOLVER STAT
  solver_fwdinv =   0         0       
  ISLAND 0
    solver_niter = 1
    solver_nnz = 36
      0:  improvement =  0           gradient =  1.1e-16     lineslope =  0       
          nactive = 24   nchange = 0   neval = 2   nupdate = 0

ENERGY =   0         0       

TIME =  29      

QPOS
   1.4     
   2.7     
   0.018   
  -0.00053 
   0.17    
   0.99    
  -0.0034  

QVEL
  -9.6e-06 
  -2.9e-05 
   1.3e-13 
   2e-10   
   2e-08   
   2.8e-06 

QACC_WARMSTART
  -8.2e-11 
   3e-11   
  -2.9e-13 
   1.1e-10 
  -2.5e-11 
   1.7e-12 

CTRL
   0.35    
  -0.15    
   0.059   
   0       

QFRC_APPLIED
   0       
   0       
   0       
   0       
   0       
   0       

XFRC_APPLIED
   0         0         0         0         0         0       
   0         0         0         0         0         0       

QACC
  -8.2e-11 
   3e-11   
  -2.9e-13 
   1.1e-10 
  -2.5e-11 
   1.7e-12 

SENSOR
   2e-10   
   2e-08   
   2.8e-06 
  -0.00088 
  -0.068   
  -9.8     
  -0.00053 
   0.17    
   0.99    
  -0.0034  
  -1       
  -1       
  -1       
   4       
  -1       
  -1       

TREE_ASLEEP
  -11

XPOS
   0         0         0       
   1.4       2.7       0.018   

XQUAT
   1         0         0         0       
  -0.00053   0.17      0.99     -0.0034  

XMAT
   1         0         0         0         1         0         0         0         1       
  -0.94      0.33     -0.0022    0.33      0.94     -0.0066   -9e-05    -0.0069   -1       

XIPOS
   0         0         0       
   1.4       2.7       0.018   

XIMAT
   1         0         0         0         1         0         0         0         1       
  -0.94      0.33     -0.0022    0.33      0.94     -0.0066   -9e-05    -0.0069   -1       

XANCHOR
   1.4       2.7       0.018   

XAXIS
   0         0         1       

GEOM_XPOS
   0         0         0       
   0         3         1.5     
   0        -3         1.5     
   3         0         1.5     
  -3         0         1.5     
   1.4       2.7       0.0055  
   1.4       2.7       0.0068  
   1.4       2.7       0.0088  
   1.4       2.7       0.011   
   1.4       2.7       0.015   
   1.4       2.7       0.012   
   1.4       2.7       0.02    
   1.4       2.7       0.02    
   1.4       2.8       0.0054  
   1.4       2.8       0.018   
   1.5       2.7       0.019   
   1.4       2.7       0.019   
   1.4       2.7       0.0048  
   1.5       2.7       0.0068  
   1.4       2.7       0.013   
   1.5       2.7       0.02    
   1.4       2.7       0.011   
   1.4       2.7       0.0073  
   1.4       2.7       0.016   
   1.4       2.7       0.0072  
   1.4       2.7       0.017   
   1.4       2.7       0.017   
   1.4       2.7       0.012   
   1.4       2.7       0.017   
   1.4       2.7       0.015   
   1.4       2.7       0.0056  
   1.5       2.7       0.0052  
   1.4       2.7       0.0095  
   1.4       2.7       0.0056  
   1.5       2.7       0.021   
   1.4       2.7       0.0058  
   1.5       2.7       0.0052  
   1.5       2.7       0.017   
   1.4       2.7       0.0075  
   1.5       2.7       0.0057  
   1.4       2.7       0.011   
   1.4       2.7       0.0068  
   1.5       2.7       0.023   
   1.4       2.7       0.011   

GEOM_XMAT
   1         0         0         0         1         0         0         0         1       
   1         0         0         0         1         0         0         0         1       
   1         0         0         0         1         0         0         0         1       
   1         0         0         0         1         0         0         0         1       
   1         0         0         0         1         0         0         0         1       
  -0.0023   -0.37     -0.93     -0.0065   -0.93      0.37     -1         0.0069   -0.00022 
  -0.0022   -0.33     -0.94     -0.0066   -0.94      0.33     -1         0.0069   -9e-05   
   0.33     -0.0022   -0.94      0.94     -0.0066    0.33     -0.0069   -1        -9e-05   
  -0.0022    0.94     -0.33     -0.0066   -0.33     -0.94     -1         9e-05     0.0069  
  -0.0022   -0.33     -0.94     -0.0066   -0.94      0.33     -1         0.0069   -9e-05   
   0.0081   -0.33     -0.94     -0.0067   -0.94      0.33     -1         0.0037   -0.0099  
  -0.0016    0.44     -0.9      -0.0078   -0.9      -0.44     -1         0.0064    0.0048  
  -0.3       0.93      0.2       0.95      0.29      0.092     0.028     0.22     -0.98    
  -0.0022    0.29     -0.96     -0.0066   -0.96     -0.29     -1         0.0056    0.004   
   0.8       0.6       0.063     0.6      -0.79     -0.14     -0.033     0.15     -0.99    
  -0.78      0.59     -0.2       0.62      0.74     -0.25     -0.0044   -0.32     -0.95    
  -0.95     -0.31      0.0051   -0.31      0.94      0.12     -0.044     0.12     -0.99    
  -0.94     -0.0022   -0.33      0.33     -0.0066   -0.94     -9e-05    -1         0.0069  
   0.83     -0.0022   -0.56      0.56     -0.0066    0.83     -0.0055   -1        -0.0042  
  -0.91     -0.27     -0.33      0.32      0.085    -0.94      0.28     -0.96      0.0069  
  -0.94      0.33     -0.0022    0.33      0.94     -0.0066   -9e-05    -0.0069   -1       
  -0.94      0.0028   -0.33      0.33      0.0078   -0.94     -9e-05    -1        -0.0083  
  -0.36     -0.0022   -0.93      0.93     -0.0066   -0.36     -0.0053   -1         0.0044  
  -0.94     -0.0022   -0.33      0.33     -0.0066   -0.94     -9e-05    -1         0.0069  
  -0.0022    0.94     -0.33     -0.0066   -0.33     -0.94     -1         9e-05     0.0069  
  -0.46     -0.0022   -0.89      0.89     -0.0066   -0.46     -0.0048   -1         0.005   
   0.89     -0.0022   -0.45      0.45     -0.0066    0.89     -0.0049   -1        -0.0049  
   0.31     -0.081    -0.95      0.88      0.4       0.25      0.36     -0.91      0.19    
   0.89     -0.0022   -0.45      0.45     -0.0066    0.89     -0.0049   -1        -0.0049  
  -0.94     -0.0022   -0.33      0.33     -0.0066   -0.94     -9e-05    -1         0.0069  
  -0.94      0.33     -0.0022    0.33      0.94     -0.0066   -9e-05    -0.0069   -1       
  -0.94      0.33     -0.0022    0.33      0.94     -0.0066   -9e-05    -0.0069   -1       
  -0.95     -0.0059   -0.33      0.32      0.13     -0.94      0.049    -0.99     -0.12    
  -0.94      0.33     -0.0022    0.33      0.94     -0.0066   -9e-05    -0.0069   -1       
  -0.94      0.33     -0.0022    0.33      0.94     -0.0066   -9e-05    -0.0069   -1       
   0.89     -0.0022   -0.45      0.45     -0.0066    0.89     -0.0049   -1        -0.0049  
  -0.94      0.33     -0.0022    0.33      0.94     -0.0066   -9e-05    -0.0069   -1       
  -0.44     -0.0022   -0.9       0.9      -0.0066   -0.44     -0.005    -1         0.0048  
  -0.94      0.33     -0.0022    0.33      0.94     -0.0066   -9e-05    -0.0069   -1       
  -0.94      0.33     -0.0022    0.33      0.94     -0.0066   -9e-05    -0.0069   -1       
   0.33     -0.0022   -0.94      0.94     -0.0066    0.33     -0.0069   -1        -9e-05   
  -0.94     -0.0022   -0.33      0.33     -0.0066   -0.94     -9e-05    -1         0.0069  
  -0.94      0.33     -0.0022    0.33      0.94     -0.0066   -9e-05    -0.0069   -1       
  -0.94     -0.0022   -0.33      0.33     -0.0066   -0.94     -9e-05    -1         0.0069  

SITE_XPOS
   1.4       2.7       0.018   
   1.4       2.7       0.018   
   1.4       2.7      -0.0017  
   1.4       2.7      -0.0017  
   1.4       2.7      -0.0017  
   1.4       2.7      -0.0017  
   1.4       2.7      -0.0017  
   1.4       2.7      -0.0017  

SITE_XMAT
  -0.94      0.33     -0.0022    0.33      0.94     -0.0066   -9e-05    -0.0069   -1       
  -0.94      0.33     -0.0022    0.33      0.94     -0.0066   -9e-05    -0.0069   -1       
   0.0022    0.33     -0.94      0.0066    0.94      0.33      1        -0.0069   -9e-05   
  -0.0022    0.33      0.94     -0.0066    0.94     -0.33     -1        -0.0069    9e-05   
  -0.94      0.0022    0.33      0.33      0.0066    0.94     -9e-05     1        -0.0069  
  -0.94     -0.0022   -0.33      0.33     -0.0066   -0.94     -9e-05    -1         0.0069  
  -0.94      0.33     -0.0022    0.33      0.94     -0.0066   -9e-05    -0.0069   -1       
  -0.94     -0.33      0.0022    0.33     -0.94      0.0066   -9e-05     0.0069    1       

CAM_XPOS
   0.43      2.7       0.52    

CAM_XMAT
   0         0.45     -0.89     -1         0         0         0         0.89      0.45    

LIGHT_XPOS
   0         0         3       

LIGHT_XDIR
   0         0        -1       

SUBTREE_COM
   1.4       2.7       0.018   
   1.4       2.7       0.018   

CDOF
   0         0         0         1         0         0       
   0         0         0         0         1         0       
   0         0         0         0         0         1       
  -0.94      0.33     -9e-05     4e-20     0        -4.2e-16 
   0.33      0.94     -0.0069    3.1e-18  -0         1.5e-16 
  -0.0022   -0.0066   -1         4.4e-16   0        -9.7e-19 

CINERT
   0         0         0         0         0         0         0         0         0         0       
   2.4e-05   2.4e-05   3.2e-05   1.2e-10   1.8e-08   5.5e-08   0        -1.2e-17   0         0.027   

ACTUATOR_LENGTH
   0       
   0       
   0       
   0       

actuator_moment
--------
 xxx    |
    xxx |
    xx  |
    x x |
--------

ACTUATOR_MOMENT
     0: -0.0022     1: -0.0066     2: -1       
     3: -1e-05      4: -1.4e-22    5: -1.6e-24 
     3: -5.6e-22    4: -1e-05   
     3: -1.6e-24    5: -1e-05   

CRB
   0         0         0         0         0         0         0         0         0         0       
   2.4e-05   2.4e-05   3.2e-05   1.2e-10   1.8e-08   5.5e-08   0        -1.2e-17   0         0.027   

QM
   0.027   
   0         0.027   
   0         0         0.027   
   0         0         0         2.4e-05 
   0         0         0         0         2.4e-05 
   0         0         0         0         0         3.2e-05 

M
     0:  0.027   
     1:  0.027   
     2:  0.027   
     3:  2.4e-05 
     4:  2.4e-05 
     5:  3.2e-05 

QLD
     0:  0.027   
     1:  0.027   
     2:  0.027   
     3:  2.4e-05 
     4:  2.4e-05 
     5:  3.2e-05 

QLDIAGINV
   37      
   37      
   37      
   4.2e+04 
   4.2e+04 
   3.1e+04 

M: inertia structure
--------
 x      |
  x     |
   x    |
    x   |
     x  |
      x |
--------

iM: block-diagonal inertia (nnzs are island ids)
--------
 0      |
  0     |
   0    |
    0   |
     0  |
      0 |
--------

TREE_AWAKE
  1

BODY_AWAKE
  -1 1

BODY_AWAKE_IND
  0 1

PARENT_AWAKE_IND
  1

DOF_AWAKE_IND
  0 1 2 3 4 5

CONTACT
  0:
     dim           3
     geoms         floor : 17
     exclude       0
     efc_address   0
     solref         0.02      1       
     solimp         0.9       0.95      0.001     0.5       2       
     dist          -0.00024 
     includemargin  0       
     pos            1.4       2.7      -0.00012 
     frame          0         0         1         0         1         0        -1         0         0       
     friction       1         1         0.005     0.0001    0.0001  
     mu             1       
     force          0.15      0.0004   -0.00013   0         0         0       
  1:
     dim           3
     geoms         floor : 17
     exclude       0
     efc_address   4
     solref         0.02      1       
     solimp         0.9       0.95      0.001     0.5       2       
     dist          -0.00012 
     includemargin  0       
     pos            1.4       2.7      -6.1e-05 
     frame          0         0         1         0         1         0        -1         0         0       
     friction       1         1         0.005     0.0001    0.0001  
     mu             1       
     force          0.075     0.00038  -0.00013   0         0         0       
  2:
     dim           3
     geoms         floor : 17
     exclude       0
     efc_address   8
     solref         0.02      1       
     solimp         0.9       0.95      0.001     0.5       2       
     dist          -0.00012 
     includemargin  0       
     pos            1.4       2.7      -6.1e-05 
     frame          0         0         1         0         1         0        -1         0         0       
     friction       1         1         0.005     0.0001    0.0001  
     mu             1       
     force          0.076     0.00038  -0.00013   0         0         0       
  3:
     dim           3
     geoms         floor : 32
     exclude       0
     efc_address   12
     solref         0.02      1       
     solimp         0.9       0.95      0.001     0.5       2       
     dist          -0.00024 
     includemargin  0       
     pos            1.4       2.7      -0.00012 
     frame          0         0         1         0         1         0        -1         0         0       
     friction       1         1         0.005     0.0001    0.0001  
     mu             1       
     force          0.16      0.0004   -0.00013   0         0         0       
  4:
     dim           3
     geoms         floor : 32
     exclude       0
     efc_address   16
     solref         0.02      1       
     solimp         0.9       0.95      0.001     0.5       2       
     dist          -0.00012 
     includemargin  0       
     pos            1.4       2.7      -6.2e-05 
     frame          0         0         1         0         1         0        -1         0         0       
     friction       1         1         0.005     0.0001    0.0001  
     mu             1       
     force          0.077     0.00038  -0.00013   0         0         0       
  5:
     dim           3
     geoms         floor : 32
     exclude       0
     efc_address   20
     solref         0.02      1       
     solimp         0.9       0.95      0.001     0.5       2       
     dist          -0.00012 
     includemargin  0       
     pos            1.4       2.7      -6.2e-05 
     frame          0         0         1         0         1         0        -1         0         0       
     friction       1         1         0.005     0.0001    0.0001  
     mu             1       
     force          0.077     0.00038  -0.00013   0         0         0       

EFC_TYPE
  6
  6
  6
  6
  6
  6
  6
  6
  6
  6
  6
  6
  6
  6
  6
  6
  6
  6
  6
  6
  6
  6
  6
  6

EFC_ID
  0
  0
  0
  0
  1
  1
  1
  1
  2
  2
  2
  2
  3
  3
  3
  3
  4
  4
  4
  4
  5
  5
  5
  5

EFC_J
   0         1         1        -0.026    -0.0046   -0.013   
   0        -1         1         0.0093   -0.017     0.013   
  -1         0         1        -0.0021    0.0068   -0.0043  
   1         0         1        -0.014    -0.028     0.0044  
   0         1         1        -0.0089   -0.0045   -0.0071  
   0        -1         1         0.026    -0.016     0.0072  
  -1         0         1         0.014     0.007     0.011   
   1         0         1         0.0024   -0.028    -0.011   
   0         1         1        -0.009    -0.0042   -0.0068  
   0        -1         1         0.026    -0.016     0.007   
  -1         0         1         0.014     0.0073    0.011   
   1         0         1         0.0023   -0.028    -0.011   
   0         1         1        -0.026     0.016     0.0068  
   0        -1         1         0.0093    0.0041   -0.007   
  -1         0         1        -0.0021    0.028    -0.011   
   1         0         1        -0.014    -0.0072    0.011   
   0         1         1        -0.0089    0.016     0.012   
   0        -1         1         0.026     0.0041   -0.012   
  -1         0         1         0.014     0.028     0.0044  
   1         0         1         0.0024   -0.0071   -0.0046  
   0         1         1        -0.009     0.017     0.013   
   0        -1         1         0.026     0.0045   -0.013   
  -1         0         1         0.014     0.028     0.0042  
   1         0         1         0.0023   -0.0068   -0.0043  

IEFC_J
   0         1         1        -0.026    -0.0046   -0.013   
   0        -1         1         0.0093   -0.017     0.013   
  -1         0         1        -0.0021    0.0068   -0.0043  
   1         0         1        -0.014    -0.028     0.0044  
   0         1         1        -0.0089   -0.0045   -0.0071  
   0        -1         1         0.026    -0.016     0.0072  
  -1         0         1         0.014     0.007     0.011   
   1         0         1         0.0024   -0.028    -0.011   
   0         1         1        -0.009    -0.0042   -0.0068  
   0        -1         1         0.026    -0.016     0.007   
  -1         0         1         0.014     0.0073    0.011   
   1         0         1         0.0023   -0.028    -0.011   
   0         1         1        -0.026     0.016     0.0068  
   0        -1         1         0.0093    0.0041   -0.007   
  -1         0         1        -0.0021    0.028    -0.011   
   1         0         1        -0.014    -0.0072    0.011   
   0         1         1        -0.0089    0.016     0.012   
   0        -1         1         0.026     0.0041   -0.012   
  -1         0         1         0.014     0.028     0.0044  
   1         0         1         0.0024   -0.0071   -0.0046  
   0         1         1        -0.009     0.017     0.013   
   0        -1         1         0.026     0.0045   -0.013   
  -1         0         1         0.014     0.028     0.0042  
   1         0         1         0.0023   -0.0068   -0.0043  

EFC_POS
  -0.00024 
  -0.00024 
  -0.00024 
  -0.00024 
  -0.00012 
  -0.00012 
  -0.00012 
  -0.00012 
  -0.00012 
  -0.00012 
  -0.00012 
  -0.00012 
  -0.00024 
  -0.00024 
  -0.00024 
  -0.00024 
  -0.00012 
  -0.00012 
  -0.00012 
  -0.00012 
  -0.00012 
  -0.00012 
  -0.00012 
  -0.00012 

EFC_MARGIN
   0       
   0       
   0       
   0       
   0       
   0       
   0       
   0       
   0       
   0       
   0       
   0       
   0       
   0       
   0       
   0       
   0       
   0       
   0       
   0       
   0       
   0       
   0       
   0       

EFC_FRICTIONLOSS
   0       
   0       
   0       
   0       
   0       
   0       
   0       
   0       
   0       
   0       
   0       
   0       
   0       
   0       
   0       
   0       
   0       
   0       
   0       
   0       
   0       
   0       
   0       
   0       

EFC_DIAGAPPROX
   1.5e+02 
   1.5e+02 
   1.5e+02 
   1.5e+02 
   1.5e+02 
   1.5e+02 
   1.5e+02 
   1.5e+02 
   1.5e+02 
   1.5e+02 
   1.5e+02 
   1.5e+02 
   1.5e+02 
   1.5e+02 
   1.5e+02 
   1.5e+02 
   1.5e+02 
   1.5e+02 
   1.5e+02 
   1.5e+02 
   1.5e+02 
   1.5e+02 
   1.5e+02 
   1.5e+02 

EFC_KBIP
   2.8e+03   1.1e+02   0.91     -47      
   2.8e+03   1.1e+02   0.91     -47      
   2.8e+03   1.1e+02   0.91     -47      
   2.8e+03   1.1e+02   0.91     -47      
   2.8e+03   1.1e+02   0.9      -24      
   2.8e+03   1.1e+02   0.9      -24      
   2.8e+03   1.1e+02   0.9      -24      
   2.8e+03   1.1e+02   0.9      -24      
   2.8e+03   1.1e+02   0.9      -25      
   2.8e+03   1.1e+02   0.9      -25      
   2.8e+03   1.1e+02   0.9      -25      
   2.8e+03   1.1e+02   0.9      -25      
   2.8e+03   1.1e+02   0.91     -48      
   2.8e+03   1.1e+02   0.91     -48      
   2.8e+03   1.1e+02   0.91     -48      
   2.8e+03   1.1e+02   0.91     -48      
   2.8e+03   1.1e+02   0.9      -25      
   2.8e+03   1.1e+02   0.9      -25      
   2.8e+03   1.1e+02   0.9      -25      
   2.8e+03   1.1e+02   0.9      -25      
   2.8e+03   1.1e+02   0.9      -25      
   2.8e+03   1.1e+02   0.9      -25      
   2.8e+03   1.1e+02   0.9      -25      
   2.8e+03   1.1e+02   0.9      -25      

EFC_D
   0.065   
   0.065   
   0.065   
   0.065   
   0.062   
   0.062   
   0.062   
   0.062   
   0.062   
   0.062   
   0.062   
   0.062   
   0.065   
   0.065   
   0.065   
   0.065   
   0.062   
   0.062   
   0.062   
   0.062   
   0.062   
   0.062   
   0.062   
   0.062   

EFC_R
   15      
   15      
   15      
   15      
   16      
   16      
   16      
   16      
   16      
   16      
   16      
   16      
   15      
   15      
   15      
   15      
   16      
   16      
   16      
   16      
   16      
   16      
   16      
   16      

ACTUATOR_VELOCITY
   2.1e-07 
  -2e-15   
  -2e-13   
  -2.8e-11 

CVEL
   0         0         0         0         0         0       
   5.8e-11  -7.8e-12  -2.8e-06  -9.6e-06  -2.9e-05   1.3e-13 

CDOF_DOT
   0         0         0         0         0         0       
   0         0         0         0         0         0       
   0         0         0         0         0         0       
  -0         0         0         2.6e-09  -8.7e-10  -3.1e-05 
  -0         0         0         2e-07    -6.7e-08   4e-07   
   0         0         0         2.9e-05  -9.6e-06  -5.3e-11 

QFRC_BIAS
  -4e-28   
  -1e-28   
   0.26    
   4.7e-19 
  -4.7e-21 
  -9.8e-28 

QFRC_SPRING
   0       
   0       
   0       
   0       
   0       
   0       

QFRC_DAMPER
   0       
   0       
   0       
   0       
   0       
   0       

QFRC_GRAVCOMP
   0       
   0       
   0       
   0       
   0       
   0       

QFRC_FLUID
   1.3e-10 
   3.8e-10 
  -2e-14   
  -4.9e-18 
  -4.9e-16 
  -7.1e-14 

QFRC_PASSIVE
   1.3e-10 
   3.8e-10 
  -2e-14   
  -4.9e-18 
  -4.9e-16 
  -7.1e-14 

EFC_VEL
  -2.9e-05 
   2.9e-05 
   9.6e-06 
  -9.6e-06 
  -2.9e-05 
   2.9e-05 
   9.7e-06 
  -9.7e-06 
  -2.9e-05 
   2.9e-05 
   9.7e-06 
  -9.7e-06 
  -2.9e-05 
   2.9e-05 
   9.6e-06 
  -9.6e-06 
  -2.9e-05 
   2.9e-05 
   9.7e-06 
  -9.7e-06 
  -2.9e-05 
   2.9e-05 
   9.7e-06 
  -9.7e-06 

EFC_AREF
   0.6     
   0.59    
   0.59    
   0.6     
   0.31    
   0.3     
   0.3     
   0.31    
   0.31    
   0.3     
   0.31    
   0.31    
   0.6     
   0.6     
   0.6     
   0.6     
   0.31    
   0.31    
   0.31    
   0.31    
   0.32    
   0.31    
   0.31    
   0.31    

SUBTREE_LINVEL
   0         0         0       
   0         0         0       

SUBTREE_ANGMOM
   0         0         0       
   0         0         0       

ACTUATOR_FORCE
   0.35    
  -0.15    
   0.059   
   0       

QFRC_ACTUATOR
  -0.00077 
  -0.0023  
  -0.35    
   1.5e-06 
  -5.9e-07 
   2.3e-25 

QFRC_SMOOTH
  -0.00077 
  -0.0023  
  -0.61    
   1.5e-06 
  -5.9e-07 
  -7.1e-14 

QACC_SMOOTH
  -0.028   
  -0.085   
  -23      
   0.062   
  -0.025   
  -2.2e-09 

EFC_B
  -23      
  -23      
  -23      
  -23      
  -23      
  -23      
  -23      
  -23      
  -23      
  -23      
  -23      
  -23      
  -23      
  -23      
  -23      
  -23      
  -23      
  -23      
  -23      
  -23      
  -23      
  -23      
  -23      
  -23      

EFC_FORCE
   0.039   
   0.038   
   0.038   
   0.039   
   0.019   
   0.019   
   0.019   
   0.019   
   0.019   
   0.019   
   0.019   
   0.019   
   0.039   
   0.039   
   0.039   
   0.039   
   0.019   
   0.019   
   0.019   
   0.019   
   0.019   
   0.019   
   0.019   
   0.019   

EFC_STATE
  1
  1
  1
  1
  1
  1
  1
  1
  1
  1
  1
  1
  1
  1
  1
  1
  1
  1
  1
  1
  1
  1
  1
  1

QFRC_CONSTRAINT
   0.00077 
   0.0023  
   0.61    
  -1.5e-06 
   5.9e-07 
   7.1e-14 

QFRC_INVERSE
   0       
   0       
   0       
   0       
   0       
   0       

CACC
   0         0         0        -0        -0         9.8     
   1.2e-10  -1.3e-11  -1.6e-12  -2e-13    -1.9e-12   9.8     

CFRC_INT
  -1.6e-06  -7e-08     3.9e-09  -0.00077  -0.0023   -0.35    
  -1.6e-06  -7e-08     3.9e-09  -0.00077  -0.0023   -0.35    

CFRC_EXT
   0         0         0         0         0         0       
   1.6e-06   7e-08    -3.9e-09   0.00077   0.0023    0.61    

TREE_ISLAND
  0

ISLAND_NTREE
  1

ISLAND_ITREEADR
  0

MAP_ITREE2TREE
  0

DOF_ISLAND            0 0 0 0 0 0

ISLAND_NV             6

ISLAND_IDOFADR        0

MAP_IDOF2DOF          0 1 2 3 4 5

EFC_ISLAND            0 0 0 0 0 0 0 0 0 0 0 0 0 0 0 0 0 0 0 0 0 0 0 0

ISLAND_NEFC           24

ISLAND_IEFCADR        0

MAP_IEFC2EFC          0 1 2 3 4 5 6 7 8 9 10 11 12 13 14 15 16 17 18 19 20 21 22 23

